# ma (GeV) |g_tau| -- https://arxiv.org/pdf/2407.18296
3.41945747e-1 9.62353336e+0
3.48109547e-1 9.02696950e+0
3.55280978e-1 8.35386466e+0
3.62771039e-1 7.68200042e+0
3.70419006e-1 7.06417123e+0
3.78228208e-1 6.49603130e+0
3.86019896e-1 6.00655917e+0
3.92975416e-1 5.57564780e+0
3.99867459e-1 5.20179665e+0
4.06880121e-1 4.84849351e+0
4.14211348e-1 4.49799455e+0
4.22743947e-1 4.15379312e+0
4.31656268e-1 3.81972198e+0
4.40756479e-1 3.51251870e+0
4.50048541e-1 3.23002242e+0
4.59536499e-1 2.97024605e+0
4.69224482e-1 2.73136235e+0
4.79116709e-1 2.51169100e+0
4.89217485e-1 2.30968685e+0
4.99531205e-1 2.12392899e+0
5.10062361e-1 1.95311081e+0
5.20815535e-1 1.79603078e+0
5.31795132e-1 1.65030231e+0
5.42748966e-1 1.52004123e+0
5.52528689e-1 1.41165066e+0
5.62218642e-1 1.31577213e+0
5.72078889e-1 1.22754867e+0
5.82111703e-1 1.14417425e+0
5.92320836e-1 1.06745655e+0
6.02708643e-1 9.94955492e-1
6.13568685e-1 9.23811937e-1
6.26217860e-1 8.73498549e-1
6.37186188e-1 7.87960430e-1
6.48670012e-1 7.35913560e-1
6.63024826e-1 6.83433159e-1
6.74851183e-1 6.81616468e-1
6.78586483e-1 7.24648544e-1
6.85611235e-1 8.26975264e-1
6.99103922e-1 8.84125829e-1
7.15932174e-1 8.80647996e-1
7.22435778e-1 8.52396578e-1
7.42878868e-1 8.68427364e-1
7.56267213e-1 8.10507525e-1
7.67850893e-1 7.94872442e-1
7.71437646e-1 6.90623126e-1
7.81721949e-1 6.23092181e-1
7.92655091e-1 5.72252211e-1
8.12356879e-1 6.01063577e-1
8.19626761e-1 6.65925004e-1
8.26123263e-1 7.17929043e-1
8.36362041e-1 8.52396578e-1
8.40705553e-1 7.91178524e-1
8.45209208e-1 9.36712779e-1
8.55319339e-1 9.89409585e-1
8.74164744e-1 9.11603325e-1
8.77166138e-1 8.34715389e-1
9.11134111e-1 7.80479050e-1
9.33737308e-1 8.03059884e-1
9.48306331e-1 7.43150962e-1
9.53878230e-1 6.90403824e-1
9.69096845e-1 6.55156411e-1
9.83387440e-1 6.50594773e-1
9.91309557e-1 7.05849649e-1
9.99647781e-1 7.89542297e-1
1.01971879e+0 8.09478536e-1
1.03918539e+0 7.58342927e-1
1.06562894e+0 7.87501772e-1
1.07940648e+0 8.64391622e-1
1.09081318e+0 9.35138495e-1
1.10322458e+0 9.94029020e-1
1.12752744e+0 9.10189002e-1
1.13866660e+0 8.47645298e-1
1.15659856e+0 7.70568238e-1
1.18511105e+0 7.12456091e-1
1.20834024e+0 6.78448871e-1
1.23215340e+0 7.06397838e-1
1.23886166e+0 8.00445682e-1
1.25351699e+0 8.77009248e-1
1.26627693e+0 9.53218603e-1
1.28661385e+0 1.02697463e+0
1.31582711e+0 1.00125772e+0
1.33063294e+0 9.36106972e-1
1.35699737e+0 9.07296497e-1
1.37990657e+0 9.60105345e-1
1.40861830e+0 9.47905338e-1
1.41073034e+0 8.77917523e-1
1.44578039e+0 8.05588806e-1
1.47120091e+0 8.02312099e-1
1.48460138e+0 8.78258368e-1
1.50049954e+0 9.42182716e-1
1.52361736e+0 9.94029020e-1
1.56447968e+0 9.48346976e-1
1.58151595e+0 8.73385535e-1
1.59405923e+0 8.20739291e-1
1.61632926e+0 7.36927045e-1
1.64255050e+0 8.38435037e-1
1.65506575e+0 9.21028883e-1
1.66635886e+0 1.01486994e+0
1.67655002e+0 1.13539010e+0
1.69303950e+0 1.28658771e+0
1.73157739e+0 1.32068439e+0
1.74680141e+0 1.23347145e+0
1.79513298e+0 1.20040711e+0
1.82748039e+0 1.11584794e+0
1.86424561e+0 1.03570914e+0
1.88885740e+0 9.45951980e-1
1.90772738e+0 9.16926636e-1
1.91445192e+0 9.62140310e-1
1.93964744e+0 1.05019484e+0
1.99284398e+0 1.01626760e+0
1.99532142e+0 1.07171052e+0
2.02799781e+0 1.10129578e+0
2.04706296e+0 1.20414058e+0
2.06033048e+0 1.33382181e+0
2.07570223e+0 1.45427058e+0
2.10479124e+0 1.57903378e+0
2.13457934e+0 1.41626101e+0
2.14552216e+0 1.30615445e+0
2.15289903e+0 1.20460808e+0
2.16030210e+0 1.11160342e+0
2.16773317e+0 1.02757277e+0
2.18427188e+0 9.59292564e-1
2.22408764e+0 9.56183275e-1
2.24097951e+0 1.04105328e+0
2.28061235e+0 1.12812152e+0
2.32735050e+0 1.04466538e+0
2.38048122e+0 9.13019845e-1
2.41323224e+0 8.69583890e-1
2.44561953e+0 9.72886930e-1
2.45236337e+0 1.08312642e+0
2.46105772e+0 1.17160257e+0
2.47075158e+0 1.27633322e+0
2.49157236e+0 1.40182180e+0
2.52388200e+0 1.50509620e+0
2.56482773e+0 1.35237676e+0
2.59026621e+0 1.23283323e+0
2.62454435e+0 1.18835309e+0
2.66657374e+0 1.19575654e+0
2.67893462e+0 1.31879289e+0
2.72233457e+0 1.44155266e+0
2.78511923e+0 1.40676405e+0
2.81411343e+0 1.31018049e+0
2.83272911e+0 1.22013781e+0
2.86570628e+0 1.13661945e+0
2.93916017e+0 1.15298128e+0
2.99847321e+0 1.26111137e+0
3.03940586e+0 1.43898096e+0
3.06052908e+0 1.34082973e+0
3.11852724e+0 1.40885884e+0
3.15495822e+0 1.29630513e+0
3.18451761e+0 1.21704170e+0
3.20997047e+0 1.17004437e+0
3.24160170e+0 1.24888842e+0
3.24747003e+0 1.37722722e+0
3.29559231e+0 1.52087823e+0
3.37413679e+0 1.52972701e+0
3.43385960e+0 1.42885088e+0
3.48676505e+0 1.32376385e+0
3.51760857e+0 1.20258356e+0
3.56541651e+0 1.10086837e+0
