# ma (GeV) |g_tau| -- https://arxiv.org/pdf/2407.18296
1.67850288e-1 9.51254653e+0
1.68987141e-1 8.85529774e+0
1.69554966e-1 8.28829347e+0
1.70289810e-1 7.74414163e+0
1.71443564e-1 7.23257603e+0
1.72597910e-1 6.34978678e+0
1.73025229e-1 6.78270561e+0
1.74188311e-1 5.85896918e+0
1.75432155e-1 5.35465121e+0
1.76552313e-1 4.92867416e+0
1.77294743e-1 4.55874313e+0
1.79102306e-1 4.20698336e+0
1.79754399e-1 3.91716072e+0
1.80629748e-1 3.62613249e+0
1.81739943e-1 3.28494561e+0
1.83216418e-1 2.97495763e+0
1.83384179e-1 2.73873728e+0
1.84948170e-1 2.52671298e+0
1.86197907e-1 2.29826052e+0
1.87455858e-1 2.08665730e+0
1.89493890e-1 1.89712788e+0
1.90486265e-1 1.72463864e+0
1.92251800e-1 1.59045537e+0
1.94243469e-1 1.46968504e+0
1.97561901e-1 1.35088568e+0
2.06375384e-1 1.39148988e+0
2.13944628e-1 1.48539243e+0
2.24732557e-1 1.48088755e+0
2.32143374e-1 1.39926008e+0
2.35287437e-1 1.29932360e+0
2.40532905e-1 1.21280146e+0
2.43607398e-1 1.13231718e+0
2.49122865e-1 1.05593620e+0
2.55463551e-1 1.02290747e+0
2.61712194e-1 1.11985739e+0
2.72995697e-1 1.16717446e+0
2.85121297e-1 1.15991686e+0
2.88730853e-1 1.08399993e+0
2.89560343e-1 1.01437137e+0
2.94653472e-1 9.47749078e-1
2.98672478e-1 8.80617010e-1
3.09415123e-1 8.59019921e-1
3.16091959e-1 9.20617554e-1
3.21890357e-1 9.88303215e-1
3.29878737e-1 1.04683486e+0
3.41436356e-1 1.03090015e+0
3.47770391e-1 9.83490543e-1
3.63096193e-1 1.02299069e+0
3.71322079e-1 1.12369056e+0
3.82991313e-1 1.19114576e+0
3.96559652e-1 1.18548561e+0
4.02197832e-1 1.10717432e+0
4.08030958e-1 1.03109587e+0
4.18067348e-1 9.76792149e-1
4.31194352e-1 9.96268648e-1
4.34406036e-1 1.08141602e+0
4.40133591e-1 1.19542924e+0
4.45175701e-1 1.30550475e+0
4.52043480e-1 1.43460139e+0
4.58264039e-1 1.59045537e+0
4.66176646e-1 1.76616489e+0
4.83121613e-1 1.79455447e+0
4.88742115e-1 1.67219540e+0
4.91276618e-1 1.55767219e+0
4.94605136e-1 1.45477486e+0
4.98221572e-1 1.34508534e+0
5.05279956e-1 1.23398169e+0
5.07661017e-1 1.13305441e+0
5.11101219e-1 1.06027494e+0
5.17193118e-1 9.86295080e-1
5.26440522e-1 9.19855249e-1
5.42558849e-1 9.15597988e-1
5.47328156e-1 1.01625221e+0
5.55409078e-1 1.12896475e+0
5.58385161e-1 1.22669452e+0
5.62220877e-1 1.31517045e+0
5.73832106e-1 1.40778616e+0
5.87349896e-1 1.52713774e+0
6.10667793e-1 1.53153408e+0
6.16872008e-1 1.43222656e+0
6.43332266e-1 1.37354786e+0
6.48542492e-1 1.43876681e+0
6.55383765e-1 1.27416441e+0
6.67484515e-1 1.23089339e+0
6.75505226e-1 1.31945745e+0
6.75530231e-1 1.39360473e+0
6.80178063e-1 1.51836041e+0
6.89066463e-1 1.67295744e+0
7.05364576e-1 1.76170009e+0
7.34201263e-1 1.69461432e+0
7.55819295e-1 1.67983145e+0
7.59380352e-1 1.54053188e+0
7.68155847e-1 1.39360473e+0
7.73880110e-1 1.28638594e+0
7.84439542e-1 1.20404246e+0
7.98391772e-1 1.12394657e+0
8.17069979e-1 1.14045318e+0
8.17131479e-1 1.27455148e+0
8.18492096e-1 1.20866431e+0
8.22756819e-1 1.39678305e+0
8.28422638e-1 1.53552659e+0
8.34119857e-1 1.66543694e+0
8.41571918e-1 1.80933206e+0
8.52845870e-1 1.94792836e+0
8.75984790e-1 1.71853798e+0
8.77824718e-1 1.87393342e+0
8.85968117e-1 1.58322559e+0
9.04963904e-1 1.51074306e+0
9.29947830e-1 1.59979933e+0
9.47625110e-1 1.47564913e+0
9.55485354e-1 1.37260000e+0
9.64424928e-1 1.30228689e+0
9.88497403e-1 1.31945745e+0
9.97025268e-1 1.51098891e+0
1.00548557e+0 1.40636155e+0
1.01674732e+0 1.60684331e+0
1.05395221e+0 1.51961871e+0
1.07268838e+0 1.65476394e+0
1.09148006e+0 1.81060650e+0
1.09771089e+0 1.95682355e+0
1.12890525e+0 1.89108708e+0
1.13265001e+0 1.66143703e+0
1.13271086e+0 1.79864721e+0
1.15690700e+0 1.53003956e+0
1.17968290e+0 1.41995378e+0
1.20886096e+0 1.33396438e+0
1.23214603e+0 1.42052896e+0
1.23801532e+0 1.54053188e+0
1.24483111e+0 1.69606672e+0
1.26368459e+0 1.85616639e+0
1.28510013e+0 1.99432617e+0
1.33581897e+0 1.97473597e+0
1.33858649e+0 1.82080612e+0
1.37964240e+0 1.93466134e+0
1.39627488e+0 1.81066419e+0
1.41559516e+0 1.64649150e+0
1.43829443e+0 1.59771816e+0
1.48155171e+0 1.61970613e+0
1.48746528e+0 1.77298687e+0
1.50969752e+0 1.94238941e+0
1.56787736e+0 1.82340039e+0
1.58446871e+0 1.67410115e+0
1.59521370e+0 1.57782483e+0
1.60313122e+0 1.45782909e+0
1.64609789e+0 1.47864024e+0
1.64615205e+0 1.55227441e+0
1.65182660e+0 1.65137475e+0
1.65190600e+0 1.77288331e+0
1.65763235e+0 1.94054660e+0
1.66803678e+0 2.17255854e+0
1.68438907e+0 2.41858042e+0
1.69228612e+0 2.99611680e+0
1.71011525e+0 2.60279132e+0
1.75061785e+0 2.56615828e+0
1.76380214e+0 2.37971642e+0
1.81126638e+0 2.82124040e+0
1.82332891e+0 2.22409187e+0
1.84819273e+0 2.05672331e+0
1.85494129e+0 2.95544366e+0
1.87764156e+0 1.89539997e+0
1.89712164e+0 1.79047105e+0
1.94379487e+0 2.08887678e+0
1.98200365e+0 1.97024255e+0
2.01626935e+0 2.11152248e+0
2.03290804e+0 2.30703486e+0
2.04999677e+0 2.52620139e+0
2.05943146e+0 2.75741858e+0
2.08288203e+0 3.01354074e+0
2.13233235e+0 2.91532266e+0
2.13410904e+0 2.37644879e+0
2.13953049e+0 2.79183095e+0
2.13967899e+0 3.09321094e+0
2.14305272e+0 2.57494202e+0
2.15553017e+0 2.08333250e+0
2.16113007e+0 2.22669907e+0
2.17744252e+0 1.84113973e+0
2.18123995e+0 1.96128636e+0
2.26998880e+0 2.17491327e+0
2.28173035e+0 1.95966235e+0
2.37513937e+0 1.81511171e+0
2.37959099e+0 2.17135907e+0
2.39814092e+0 1.69778480e+0
2.40112101e+0 1.99372051e+0
2.45925127e+0 2.40119601e+0
2.46438922e+0 1.84288815e+0
2.46745468e+0 2.16806393e+0
2.47010739e+0 1.98827781e+0
2.48011897e+0 2.71036427e+0
2.51454448e+0 2.94871868e+0
2.58211204e+0 2.49885531e+0
2.60327976e+0 2.31877011e+0
2.62577496e+0 2.71036427e+0
2.70476307e+0 2.31788990e+0
2.72568074e+0 2.51551373e+0
2.73584692e+0 2.66951304e+0
2.74216918e+0 2.84040230e+0
2.82724370e+0 2.67357030e+0
2.84726444e+0 2.23945704e+0
2.85172673e+0 2.42962483e+0
2.90674792e+0 2.16806393e+0
2.95467514e+0 2.28989890e+0
2.99157867e+0 2.47021319e+0
3.06340996e+0 2.68211063e+0
3.12025191e+0 2.79819812e+0
3.16602485e+0 2.48560803e+0
3.18412500e+0 2.30185341e+0
3.24269756e+0 2.66141698e+0
3.26098557e+0 2.50265319e+0
3.26835122e+0 2.87098584e+0
3.36271252e+0 3.00784018e+0
3.42598424e+0 2.77123755e+0
3.48094258e+0 2.52671298e+0
3.50209995e+0 2.31537685e+0
3.52284407e+0 2.17300851e+0
3.58213829e+0 2.10320134e+0
